,X0,X1,label
0,-0.20352882021515706,0.5167303737385996,1
1,0.21632694778833383,0.5513464602451733,1
2,-0.9734348754286817,0.3295575919023041,0
3,0.13981798454066688,0.8872584728361836,0
4,0.0636072587245287,-0.44343308629702477,1
5,-0.8299472364167216,-0.6494750658730264,0
6,1.0244765219767618,-0.12631783844405706,0
7,0.5366042977134139,0.010437160624968307,1
8,-0.18490385995949338,0.5101481452036148,1
9,0.3093062147576049,-0.38167620098117455,1
10,0.07033435419744288,0.4968070973234904,1
11,-0.4104981615747766,1.006012453086266,0
12,-0.7065435702364258,-0.6516596129013127,0
13,0.1914450593740129,-0.9508978415050846,0
14,-0.7107212175966556,0.7568769777385063,0
15,0.49845962514102743,0.03814109577465278,1
16,0.17029861776866312,-0.4134592868434155,1
17,0.5166008786280635,-0.8159178427657026,0
18,-0.980343057394998,-0.29494614355157767,0
19,0.9654565344657986,0.267110324485741,0
20,-0.5402671248675761,0.16001490662658174,1
21,0.6319113715637014,-0.6751397502492072,0
22,0.9755265538801557,-0.3547300792886426,0
23,1.0030336238053013,-0.2861497342469463,0
24,0.3196547204114672,-0.8211254774131409,0
25,-0.48431947876621856,-0.12357651783224076,1
26,-0.898896832071131,-0.6515505228952371,0
27,-0.2183714488700732,-0.9629880838253712,0
28,0.004151002893420026,0.450544532465318,1
29,-0.34396087337726206,0.9721902347827159,0
30,-0.24603132994887675,-0.33644378369413364,1
31,0.3806572666287778,-0.36313757210095077,1
32,0.13803649571127805,1.0615680954320619,0
33,-0.5388339781437445,0.7431509688940469,0
34,0.9357100741783579,0.4788387171666166,0
35,-0.15646186104227702,-0.5243281146042982,1
36,0.9005146699193107,0.4921887897246903,0
37,-0.07482200700620242,0.9623862078828729,0
38,-0.2421975385000435,-0.8877746880918936,0
39,0.5057138260156926,-0.10769087324227583,1
40,0.47915213891776126,0.20758717394472073,1
41,0.010512003603454157,-1.088721244415151,0
42,-0.281000859210408,0.40850372988526995,1
43,0.4525076644181681,0.19518302682616887,1
44,0.7680084409358386,-0.78983132778166,0
45,-0.90068037935191,0.2882896345718219,0
46,0.3409308214412739,-0.42195406180971634,1
47,0.1609840029482917,1.0147041346634689,0
48,-0.7916853511052363,0.4865932480598364,0
49,0.4030131067998263,-0.26810718715695614,1
50,0.1950620452028524,0.4595374119234815,1
51,-0.7452933588386342,-0.7942544719403322,0
52,0.025684619941842814,0.5279054842469828,1
53,-0.5519047556525638,0.8302569084654741,0
54,0.0852928665859102,-0.4331734474098209,1
55,-1.0079550814895344,0.2399353986461591,0
56,-0.8309932321254027,0.5099844432054577,0
57,0.0340973052769176,0.4838353673578891,1
58,-0.3746547871625665,-0.2768772132547695,1
59,0.6589879941283766,0.6784220939134702,0
60,-0.9875410818745142,-0.32231688815852755,0
61,-0.9612105416466898,0.12607412826465708,0
62,0.35478610243837233,-0.9333052400376605,0
63,0.047511507638374376,-0.40346822670752547,1
64,-0.47588214478588114,-0.001403225897883581,1
65,0.38521206007136904,-0.29508481945134346,1
66,-0.055926530982289537,1.031404488421888,0
67,0.9108149332051848,0.2193367164186933,0
68,-0.037093103124539624,-0.5240812637570377,1
69,-0.7916069289181,0.5218909675899926,0
70,-0.9557825700649335,-0.28135783076884907,0
71,-0.7529357368784718,0.6449354804555596,0
72,-0.9979425806940831,0.3515486166615648,0
73,-0.12171428769841536,-0.5951367956887723,1
74,0.4437930141939066,-0.1489962247701494,1
75,-0.447334281783756,0.1172118026299846,1
76,-0.14122899570887443,0.5211108296165686,1
77,-0.8705727802582685,-0.4579164146178193,0
78,-0.38449382889051087,0.1934631187216004,1
79,-0.1685185575115615,-0.5295785912673098,1
80,-0.07405998098320529,0.9592721638482634,0
81,0.4912586253927996,-0.7846822440222377,0
82,0.7872580936047342,-0.5636695118085521,0
83,0.21314260865782653,-0.49106892706927935,1
84,0.2832926753981732,0.4269789246571608,1
85,0.09938435797228534,0.4931941026760832,1
86,0.6692942545101035,0.7904259384362494,0
87,0.4825089041845619,-0.05946456748947253,1
88,0.23206675253431414,0.9082568967544838,0
89,0.42021310413667373,-0.3116715519097165,1
90,0.32862450553049816,0.3671562460598966,1
91,-0.13681487586887134,-1.0139015439908174,0
92,-0.010603030520484152,0.41506604190759855,1
93,-0.5574041446641563,-0.08268539820030998,1
94,0.6405239926514879,-0.8168493821244306,0
95,0.8591381997434905,0.47073325264639376,0
96,0.9624346044303729,-0.1732291837346939,0
97,-0.18645016343932228,0.4891296885216854,1
98,-0.8272510099150402,-0.43651918269566403,0
99,-0.2462147957892068,0.9726891032412042,0
100,0.49814859854947274,0.8945036727547466,0
101,0.8788158995387905,0.46128847720344446,0
102,-0.34560975489110046,-0.3178991040277067,1
103,0.1794744586734407,0.9893469385773171,0
104,0.9298317329244887,0.4999512973637014,0
105,0.5054622111182121,0.8271849217053378,0
106,-0.2944628764518229,0.2753907136317122,1
107,0.8106737323230842,-0.596026160679672,0
108,0.30149851317043613,0.9956657468887692,0
109,0.20149729912215164,-0.4656298542735967,1
110,-0.4974994783086499,0.9435580186077981,0
111,0.4514730646809542,-0.06664041232645011,1
112,0.4472806077603228,0.19840506136491887,1
113,0.25078219440843685,0.8716771331964455,0
114,-0.3238729235123591,-0.3824522291248673,1
115,0.4556522615972185,-0.16077708941149907,1
116,-0.27910124737415204,-0.5581124598134568,1
117,-0.45820603130996423,-0.029570602654058156,1
118,-0.06163457357005964,0.40320504200009405,1
119,0.09432174995648068,0.4695355522686538,1
120,0.2832130365913887,-0.4117559815986751,1
121,0.4935805591716722,0.159206038872853,1
122,0.2980804097717323,0.8958413447537141,0
123,0.20744200000399055,0.4882143269291396,1
124,-0.06642510991780981,-1.0332557817086232,0
125,0.37789307747451956,-0.38108626188118344,1
126,-0.4470275268389333,-0.9094045643470018,0
127,-0.9959067791327555,0.21229583853019848,0
128,0.5263354926335954,-0.04466594019718629,1
129,0.08476375420707341,-0.5370307386138337,1
130,0.3414572241708047,0.43676739364874195,1
131,0.3483272363839915,-0.36612837136998566,1
132,0.032818909594322265,-0.9865357793197627,0
133,-0.9168215757922495,0.4578661435856588,0
134,-0.3567416629300392,0.35947674603565505,1
135,0.9042536678925408,0.21570531588870784,0
136,0.8296215326681808,-0.4142091148555341,0
137,-0.427175930584216,-0.24777447080708567,1
138,0.29643217214360507,0.3802641049842139,1
139,-0.6358298458261575,0.8434559292087546,0
140,-0.9415768017057423,0.050250238728048624,0
141,-0.9176158513965798,0.26732553098723616,0
142,-0.1207732309131567,-0.550877470918725,1
143,-0.1613459385031196,-0.5052004841506395,1
144,0.44691802347057724,-0.034789604234073415,1
145,0.34806842750842215,-0.2940905570050046,1
146,0.9154882724338214,-0.3674048860240515,0
147,0.8165889119643374,0.6534064875218349,0
148,-0.9999831981057454,0.1074326086790166,0
149,-0.9748745320563003,0.22705990461877748,0
150,-0.8822201576960077,0.14491823319136174,0
151,0.4092276544019616,-0.916780679956789,0
152,0.6632177981092634,-0.6813184112495796,0
153,1.0276521220691737,-0.17680269225701395,0
154,0.5153479116902119,0.024211925886766635,1
155,-0.6981667882463473,0.7144060661427908,0
156,0.5419314921966804,-0.04496976535132859,1
157,0.49887107625271576,0.814303515861095,0
158,-0.33737062708405446,0.42899922159294074,1
159,0.20911288231151018,-0.4050374213656821,1
160,-0.8074401074656194,-0.5571112988814648,0
161,-0.3843847661587474,-0.3969976528523712,1
162,-0.06797193307344401,-1.0036766116528684,0
163,-0.9876591057985477,-0.04690658045487665,0
164,0.1593759038289485,-0.9641614679191803,0
165,0.9435562230596912,0.31401276273603823,0
166,-0.44540369660392604,-0.16331475281774863,1
167,1.0068390249028887,-0.20855573495023555,0
168,-0.5246716644858876,0.08929844446190197,1
169,-0.43896797114094527,-0.9897956746666079,0
170,-0.6573969395364486,0.8793923203939981,0
171,0.43506257580789903,-0.21367759381160373,1
172,0.47292509899990154,0.002472147728867828,1
173,-0.34615937825526477,-0.9326415400721999,0
174,0.39049634883619433,-0.3944510614061425,1
175,0.13033833445572604,-0.4227285014923248,1
176,-0.4081775145645302,0.1932250504806836,1
177,-0.9689500915669618,-0.09406765426501008,0
178,0.4142966542785874,0.1568618800993171,1
179,0.45930575437402793,-0.14025592000526224,1
180,0.5488674477553128,0.22222583409542057,1
181,-0.485836500585106,0.1330786845502028,1
182,-0.3886342673186456,0.09905400090491975,1
183,0.9429530338849996,-0.42491073048994765,0
184,-0.22027424513095298,-0.4905342021428883,1
185,-0.05467121394104624,0.47887738190792206,1
186,0.36540468724884384,0.41763220792584427,1
187,0.3345455974618652,-0.43061135493041264,1
188,0.4242527629221734,0.8700857221248263,0
189,-0.8664143982605934,-0.48626979661106917,0
190,-1.0058166044274601,-0.2562379160264416,0
191,0.1541446134301679,-0.9964155834130031,0
192,-0.25693752770534056,-0.9865994789353073,0
193,0.48652803155397073,0.8502839059041803,0
194,0.42792069090475965,-0.1956679086797986,1
195,0.45573516644481293,0.8410374475144516,0
196,0.5566921544823696,-0.8040300531134263,0
197,0.21350768073187099,-0.40789544732852456,1
198,0.6753120287422406,-0.6614547180103107,0
199,0.024974171440231792,0.577573003212803,1
200,-0.46802258935161917,-0.012307657804860449,1
201,-0.23585168023814107,0.5159660865799359,1
202,0.9922047857397349,-0.19096950064848162,0
203,-0.25038517390544796,-0.336370665657495,1
204,-0.32640080988811376,0.3719920090203841,1
205,0.4164847349467674,-0.1148299834645149,1
206,-0.47877722099639336,0.19073156160616678,1
207,0.19353161864751117,-0.5190092654771568,1
208,-0.4798193264746551,-0.068763229154027,1
209,0.7498124475428041,-0.5286588848981352,0
210,-0.3706194113889831,-0.20331285779751196,1
211,0.0613190313949248,-0.4488235576300219,1
212,0.21284600478964572,-0.42249549970475586,1
213,-0.6708783035432169,0.7599970751880214,0
214,0.7881086739359155,-0.5507929438887629,0
215,-0.10457225613262415,0.4185180676704271,1
216,-0.3905752654966799,0.19336248969812025,1
217,-1.0663450889285326,0.052640550388371635,0
218,0.6470998906470187,-0.5601543482126767,0
219,-0.31580677893397885,0.4516012064302186,1
220,0.9666465310505454,-0.4613855069389199,0
221,0.7168928041057253,0.675781298050298,0
222,0.2483101922639886,-0.42019142855283165,1
223,-0.12548597369759634,-0.4383881634471682,1
224,-0.34643559999850027,0.9972734080988884,0
225,-0.1939110442320095,-0.44140523860213127,1
226,0.34800076447163886,-0.39619867635663114,1
227,-0.57747075067296,-0.8087692044605167,0
228,0.38990892843494296,0.22741894397725176,1
229,0.08713198569199954,-1.033140551382686,0
230,-0.4653408433520465,-0.11664546523984859,1
231,0.9746195611402463,0.056478750146875555,0
232,-0.3368852401500256,0.13617433679322383,1
233,0.7162710457982661,-0.6866496776856614,0
234,-0.028964313151678744,-0.43251459785974244,1
235,-0.178042043214599,-0.45161693059369135,1
236,-0.3647842608694647,-0.235928357437357,1
237,0.2625103852633155,-0.372872519857584,1
238,-0.6093053280017375,0.860419784102518,0
239,-0.7821900356765041,-0.7452740812819699,0
240,-0.25108462022868316,0.48237850063276827,1
241,-0.09306401196425057,0.9754635109973694,0
242,0.5748588294590723,0.8227210817456068,0
243,0.16980878595762583,0.4972717444298154,1
244,0.18429679955068726,0.9338707682106436,0
245,-0.4260768672563031,0.24606436012407357,1
246,0.9271615991959087,-0.24072000117893477,0
247,0.4446659672030914,-0.11368310712033683,1
248,0.44219364933126615,-0.1658190155759606,1
249,-0.25279831844542955,-0.4950782230748796,1
250,-0.32172943560417405,-0.382807227183525,1
251,-0.4206089710081462,0.36966799870169464,1
252,-0.45750464593188606,0.004815477260990665,1
253,0.21975721780481108,0.9237126828658133,0
254,0.16630688229743357,-0.5305615401708704,1
255,0.43524502519580965,-0.14646505738268456,1
256,0.6583621891976776,0.8371870306637735,0
257,-0.04624209352785181,0.4379347286440475,1
258,0.4517298040062158,-0.2752291672241623,1
259,0.09978644077513985,-0.5081216846227476,1
260,-0.32820325763897423,0.30443965766899783,1
261,-0.4194050866929862,0.0017032791845678387,1
262,0.48166112249076976,0.17826041010416505,1
263,0.7605061964525369,0.47154315492312665,0
264,0.5055269067488334,0.07411406556821283,1
265,-0.028668244136088934,0.47530914011534375,1
266,-1.0998589506214826,-0.06759730614287784,0
267,0.08157454970066312,-0.47546323251690986,1
268,-0.3385127804835079,0.30177548104241164,1
269,-0.5050583622004242,-0.8585871250918653,0
270,0.4221049070758006,0.19971655761264112,1
271,0.7568315352410762,-0.5629796328395229,0
272,-0.9127143757688173,-0.44653761565937705,0
273,-0.6595497977389561,0.6601378288462372,0
274,-0.27580889270448294,-0.9610595269613744,0
275,0.3361613083349596,0.9092124982281509,0
276,-0.06940378167516771,-0.5351162944374399,1
277,-0.9791057749136537,0.35507060693946235,0
278,-0.7403060313446009,0.6409082169094162,0
279,0.40717073806875936,-0.30122746754919894,1
280,-0.8955983697344965,-0.44662569190303525,0
281,0.08221686419832239,-0.9662686659700647,0
282,0.5108436588298868,-0.3125701621919591,1
283,-0.258730195107163,-0.3319908723762225,1
284,-0.27698079399624365,0.4422675154161096,1
285,1.019189475945308,0.05704791846674134,0
286,0.717827098109205,0.6702368439419192,0
287,-1.0320241456077488,0.055677569729205505,0
288,-0.4375868417344427,0.3374820484778328,1
289,0.38158871314254816,0.39766133370404344,1
290,-0.4962651761930214,0.0294234270933192,1
291,-0.2400654524385305,0.3664513062069204,1
292,-0.33668210759832645,0.2859072119018461,1
293,0.2606572367023405,0.44971922221201016,1
294,-0.2803277641193672,-0.9312024317114971,0
295,0.40107332531039414,0.9947823895926906,0
296,-0.7275064349689845,0.6032417529387026,0
297,-0.730787786087027,-0.5832791357470188,0
298,0.4644138553654787,0.8232494001801229,0
299,-0.36477025810373465,-0.255868599321377,1
300,0.08850507450716816,0.4856418262375781,1
301,-0.32344438346283355,-0.3792966088426806,1
302,-0.4312623306412262,-1.8801913343594046e-05,1
303,0.2260382912369191,0.4472127360095153,1
304,0.34360657306059683,0.22554477430370765,1
305,-0.5260606690941606,-0.8180785521807528,0
306,-0.47533604853132677,0.13959169063206314,1
307,-0.6538812539258969,0.6913936579813,0
308,0.49488308718823026,0.06004744496755581,1
309,-0.3458592553235888,-0.3569478372030324,1
310,-0.7989120410272146,-0.5665892530064736,0
311,-0.9522146938302642,-0.04175803070629018,0
312,-0.6389989527525807,-0.7208678591426727,0
313,0.20421354265108022,-0.42612354658782703,1
314,0.22603873952132492,-0.9281022502257424,0
315,0.9336343548121852,0.4384094261315303,0
316,-0.129154020343944,0.47470347554824177,1
317,-0.9319437000534898,0.34824741966780526,0
318,0.5300094613513362,-0.11496694411342817,1
319,-0.5149722695440166,-0.0490934294754309,1
320,-0.8044368689950689,-0.597130082710149,0
321,0.35287953280813444,0.27943882133334047,1
322,-0.10353966254425064,0.510979649019327,1
323,-0.8874455570518681,-0.23881700680166432,0
324,0.25010029047218907,-0.9675471424035803,0
325,0.29132537509818324,-0.45091462839104823,1
326,-0.10943259184291626,-0.4064548012706025,1
327,-0.19985331416417224,0.9365164390153846,0
328,-0.4560312252503593,0.3149119513761557,1
329,0.25850395166232487,0.480135390847856,1
330,0.08285012919271958,0.49698042137198445,1
331,-0.13580648762288478,0.40830649569441213,1
332,-0.5242000075309495,0.7508543725911088,0
333,-0.482377118373683,-0.24617726719577757,1
334,0.5695705006618305,-0.8329221602418466,0
335,0.21371939463613146,0.9450704493559845,0
336,-0.4933017193213808,0.18634383305464852,1
337,-1.0022438114588113,-0.023473740876245187,0
338,0.9528730193462499,-0.4335569440362305,0
339,0.3427059625166472,-0.978716447057357,0
340,0.38423125844470685,-0.30775025855929694,1
341,-0.21371049640702477,0.4274852061639845,1
342,0.9695570229285416,-0.17720498512076135,0
343,0.8939786249542122,-0.48006398047760307,0
344,-0.23459077535056663,-0.4448700311563247,1
345,-0.16987115134022934,0.9715407485110162,0
346,0.29563844892632307,-0.3624730961561479,1
347,-0.10107478971361418,0.44424485689842874,1
348,0.41355465120595286,-0.816199242963158,0
349,-0.5622542391037624,-0.007271056283271626,1
350,-0.44360295464724553,-0.1959420161399434,1
351,1.021240181766186,0.08313116618618252,0
352,1.030059390848701,-0.06388323234138672,0
353,0.3577802623276657,0.9743636658272354,0
354,-0.5023610992146116,-0.018923728235772843,1
355,0.40132057789327286,-0.00947868084640017,1
356,0.6410252658250154,0.6998750231922201,0
357,-0.43829469563532,0.24246308914363207,1
358,0.4713934074093998,0.19745738466924312,1
359,0.1665054672063866,0.5414524524935977,1
360,0.396047561997152,0.851967269344243,0
361,-0.07205165079521025,0.5152643020375091,1
362,0.21892232017780827,0.4308849224285165,1
363,0.2666501239400887,0.4399225353265538,1
364,-1.04156940936994,-0.031641130349835955,0
365,-0.16237942649630988,0.4024088633484103,1
366,-0.2444161406846524,0.36578881889131004,1
367,0.584952154246644,0.7198604342250103,0
368,-0.548872463532962,-0.11714800520059301,1
369,-0.2581902050577253,-0.4231250047190126,1
370,0.9486450334885205,0.4087626454142497,0
371,0.3924938903911066,0.34993903216341626,1
372,-0.24481269846514067,-0.9635654839052448,0
373,0.21035055753265736,-0.45226362170697176,1
374,-0.5979206351886488,-0.8094728255549283,0
375,-1.0687011716748676,-0.1377731735863727,0
376,-0.18915133942106205,0.8901663154008049,0
377,-0.813183025129075,-0.4536406315513045,0
378,-0.44194762149581523,0.9655073977804821,0
379,0.040046804003966534,-1.0242405964886996,0
380,-0.467290907540344,-0.052623299435533344,1
381,-0.5635514582153438,-0.02345444744208562,1
382,-1.024177568544474,0.12811057640506568,0
383,-0.45116250231783817,0.13356279010120956,1
384,-0.07679634704367386,-0.562871540183318,1
385,-0.27160623895859887,-0.394832229414282,1
386,0.20207680192543337,-0.41843782032040966,1
387,-0.405825989671035,0.4276882090634778,1
388,0.006599125505571617,-1.0058350947304437,0
389,-0.4558892322000547,0.8975634668235115,0
390,0.44613626765896597,-0.22040791305679663,1
391,-0.3529961771717075,0.9716803140067142,0
392,-0.8797358375342661,-0.33609548537204514,0
393,0.6028356487045087,0.7660521384817012,0
394,0.4105828301502512,-0.23743870975218462,1
395,-0.4182062987186682,-0.23061945315903032,1
396,0.4860730430969884,0.10350000021711743,1
397,-0.2176814829234662,-0.4342770041241593,1
398,0.4589340054880288,0.8917369895893662,0
399,0.4259661630179098,-0.3457298306240183,1
400,0.8516251113063495,0.6608105408419152,0
401,-0.4335162058285824,-0.248817448528939,1
402,-0.5497198543348274,0.8711750499993053,0
403,-0.29830965355389083,0.380212233210271,1
404,-0.5225738722091706,0.8967822193155593,0
405,0.5418219947128415,0.12212056310902464,1
406,-0.41039869538134055,0.9028026785982944,0
407,-0.5926806415249735,-0.7160467740883122,0
408,0.4952836663858823,0.21984285791860259,1
409,-0.540540613951242,-0.9199524846507205,0
410,0.38401888852642946,0.16433823871105518,1
411,-0.001916464988380412,0.36441523444578294,1
412,-0.4828089792412606,0.042735491224055296,1
413,-0.18660495150390113,-0.48102492159700816,1
414,-0.4196307583089963,0.31895276329067007,1
415,0.4449656665410663,-0.26958175635905013,1
416,-0.378909969193807,-0.174771298994114,1
417,0.36318929405038075,0.20591228742822096,1
418,1.0027672475849096,-0.09409121932076249,0
419,-0.3791779296855137,0.2932050658435225,1
420,0.14320304732430084,-0.42189738376093294,1
421,0.384134929911996,0.9140600330441282,0
422,0.9464680392177499,0.1295860257095471,0
423,-0.31665835456876,-0.3857558494231651,1
424,0.41222229964545215,0.2766311993995017,1
425,-0.7604413732051913,0.6501416903109623,0
426,0.9998435686840649,-0.2563596302035814,0
427,-0.08182946781627334,-0.492805142011699,1
428,0.5328347872418323,-0.8661118814700598,0
429,-0.5347888043806339,-0.047222810814979144,1
430,0.5340680221275396,0.3200170380628896,1
431,-0.4755279749189324,-0.2024794133709765,1
432,0.8836540217452611,-0.5898252599709316,0
433,0.10865477242848948,0.9952289277862609,0
434,-0.6388413963057883,-0.7267882260682569,0
435,0.9597459557339756,0.02324874154952363,0
436,-0.32733701268669896,0.33424230702699304,1
437,0.4885993498014794,-0.10828443896816078,1
438,0.5117336792129776,0.01363535756166695,1
439,-0.10443459955373909,-0.4572218451503089,1
440,0.42408339163430175,0.8656074246258868,0
441,0.46992991614818586,0.24443754555911734,1
442,-0.26915961114067566,-0.4636286163097581,1
443,-0.3420970271733886,-0.20199351466320958,1
444,-0.9799699966914195,-0.1303991194889237,0
445,0.7905942068551448,0.45718603533118146,0
446,0.46359513999215696,0.16439460900681493,1
447,-0.03704815643905307,-0.4924926185495071,1
448,0.38076581487036687,0.19274599390704586,1
449,0.9906392286722213,-0.305231351585612,0
450,-0.7199272331355155,0.7450929411780325,0
451,0.027232478659564997,-1.0682226936563732,0
452,-0.039534789974720964,-0.5166179218436372,1
453,0.10720928183223394,-0.5165060419910983,1
454,0.09460733902395753,-0.9883625709086512,0
455,0.3914766986449419,-0.25350253274427154,1
456,0.981773224738195,0.07399682890067596,0
457,-0.546890010033387,0.1777143339141378,1
458,-0.027864458968470993,0.9876022362240207,0
459,-0.4093426854763861,-0.2926343626523216,1
460,0.04102386518160006,0.9776804237208331,0
461,-0.17861638826958726,-0.5533536000999271,1
462,0.1401782550511672,0.8730112059632603,0
463,1.0761728166242137,-0.3342807466688888,0
464,1.025511176283227,-0.12683914444459563,0
465,0.23202660621461868,0.42244762931558444,1
466,-0.3653300935130878,-0.36112656211128374,1
467,0.9001458053652048,0.3587761199787159,0
468,0.6318223712290414,0.8509277685270143,0
469,-0.7056843785235989,-0.6840003723446233,0
470,-0.34748291327600683,-0.23427827953997218,1
471,0.06328263230394959,0.47987361380614996,1
472,0.45485012647609424,-0.024200416225356538,1
473,-0.3070540023783498,-0.9685264505164417,0
474,-1.026195056216182,-0.06440066949071716,0
475,0.4163398775955975,0.12024578737681271,1
476,0.19952135993174755,-0.4482528635126323,1
477,0.37280427416002115,0.3764541483902416,1
478,0.752380791878278,0.6238758074688245,0
479,-0.9707685014459941,-0.1693544268568102,0
480,0.19425089307513788,-0.39811005262511956,1
481,-0.28949672271052973,0.35519429415999526,1
482,0.533060836887111,0.13915482090482764,1
483,0.9275003413309529,0.21260980334914337,0
484,-0.21382031707971927,-0.9556860811982861,0
485,-0.19061699886001177,-0.46925161141564153,1
486,0.9539193200816086,0.47030296286893547,0
487,0.8390502632886946,-0.6424330076542757,0
488,-0.15748622989036387,-1.0367003156931827,0
489,-0.19024878072712662,-0.520748079837359,1
490,-0.37514933238260645,0.33298030404155576,1
491,0.9768163577483716,-0.2993290969533371,0
492,-0.3753358997270662,0.32159708509234786,1
493,-0.42077028601329497,-0.8269926171873826,0
494,0.5112743356263946,-0.7620883424768261,0
495,-0.9907869169425352,-0.17212959756448273,0
496,-0.05592804579877181,-0.4745451718696526,1
497,-0.3191170770598414,-0.37311350213301464,1
498,0.29345993371397205,-0.9030896042173073,0
499,0.969021991838544,0.38794069264734515,0
500,-0.8741237170605181,0.40225745152320375,0
501,0.9673223732229542,-0.27034758138691917,0
502,-0.9039991802294765,-0.534104291543306,0
503,-0.1200301278592126,0.9968036711508205,0
504,-0.14166630780334272,0.5633206207343977,1
505,1.1038226803206383,-0.013634554656163166,0
506,-0.9288080776385711,-0.41579358889256207,0
507,0.27895081190402105,0.33507376122733357,1
508,-0.9213218935343386,0.48159804410741086,0
509,0.30521950940422976,1.0458454242492277,0
510,-0.9572050870905578,-0.16321644275400643,0
511,-1.0689759892294233,-0.13693779359832695,0
512,-0.2553809690038943,-0.9488976186946796,0
513,0.0407445738926878,0.5317972432259771,1
514,0.15027830547229548,0.40583686268158453,1
515,-0.014147260022773021,1.0319909212696243,0
516,0.7633970911112914,-0.6289535322993428,0
517,-0.5317419846820266,-0.026866666122646113,1
518,0.05637107888883752,0.5508697335896655,1
519,0.03472527931751888,0.5322547415790884,1
520,0.2337293454590617,0.8868517756136771,0
521,-0.9326165677985979,0.31238088513530604,0
522,-0.40602060639521914,0.10865895109724534,1
523,0.025143531835795714,-1.0453988105731626,0
524,0.23974944664791187,-0.49242178641470336,1
525,0.15358954428933133,-0.9071441622518256,0
526,-0.34682048744612215,-0.19932475625397716,1
527,-0.47451473291765917,-0.959743829510542,0
528,-0.11599810723501947,-0.5108678144633392,1
529,0.5119211930427761,-0.14716189613629402,1
530,0.9827021747400024,-0.04337060607602505,0
531,-0.9674618532256091,0.0010621320014416215,0
532,0.9995401520178365,0.1668179799273178,0
533,-0.1357398588306532,0.5186897019307573,1
534,0.5332670353908227,-0.030307451179743688,1
535,-0.34282124657186097,-1.0046540619681243,0
536,-0.43541433931028517,-0.38363639300825525,1
537,0.023588614314004823,-0.5062418527156136,1
538,-0.4208307978002166,0.9425416764510494,0
539,0.4979928469531169,-0.041025708116065165,1
540,-0.3720386331323718,0.27666566942736714,1
541,0.18228845447069797,-0.3875111183784005,1
542,-0.19119525018635028,0.44199900390848,1
543,0.13659864727388937,0.42975014693371655,1
544,-0.2948334840963275,0.43095432517718374,1
545,-0.653012747795492,0.8467825816689333,0
546,0.8686043277700112,-0.38202330018998615,0
547,0.37190289520079056,0.43416281086202746,1
548,0.5517807630100069,-0.038745013209691176,1
549,-0.49932551069369924,-0.2600276010498398,1
550,-0.5895751702212202,0.8199761616420906,0
551,0.44960350617057276,0.2816216078722372,1
552,-0.07358780544847712,-0.48773212416266715,1
553,-0.002390315358063541,1.0783961295157847,0
554,0.13592118359913474,0.4426770302016595,1
555,0.2726584010602482,-0.48690842947323437,1
556,-0.6157850401524422,-0.8062369706787319,0
557,-0.012048890587226281,0.5450018126698198,1
558,1.0022339502373425,0.281012449468646,0
559,0.16378179071259064,0.5040226020686683,1
560,-0.24409827542772503,0.46867691396059036,1
561,0.6393017085852217,-0.764162509319075,0
562,-0.8069435264544478,0.5329825982192959,0
563,1.0062428362382454,-0.29862185140382536,0
564,-0.41351913141547453,-0.1906722663866643,1
565,0.10810792314982659,-0.5269565166123871,1
566,0.3295170803387032,0.5356070354628983,1
567,0.9913078613307977,0.15137254489254384,0
568,-0.1442649243039774,-0.4026741431666496,1
569,0.8127875824394033,0.5435653268734438,0
570,0.3757818948719118,0.9008535223261558,0
571,-0.84298740733645,0.5096831985314753,0
572,-0.1410757874214132,0.4397757113690681,1
573,0.4009597370564067,-0.30606926431206605,1
574,0.7896584852734406,-0.6900940540622493,0
575,0.3059164519814704,0.47260350918038285,1
576,0.5518243814354297,-0.8259440316541832,0
577,0.4524546851237413,0.07879949170228767,1
578,0.8636429472020681,0.5781086923912953,0
579,-0.23804917891713778,-0.3595007494910615,1
580,-0.5484439669469288,-0.14267759657219478,1
581,-0.5110475057402513,-0.017760943370093166,1
582,-0.2533520848638269,1.0012506783597699,0
583,0.3928545423008805,-0.24262915666948898,1
584,-0.21619864489203278,-0.430621812306721,1
585,-0.4788261802302997,-0.0456278444750665,1
586,0.45507449855791515,-0.8600056075263454,0
587,-0.016950345096225207,0.5500497463816534,1
588,0.5833969816447866,-0.7620569091200645,0
589,-0.1548999685927751,-0.49300307521280673,1
590,-0.9325571238987223,0.09859281236523806,0
591,0.8476596661128187,-0.5481587969812713,0
592,0.4315400919832155,0.31762296745816354,1
593,0.9428309394557949,0.4108444117382442,0
594,0.8846397860868644,-0.32459841542233314,0
595,0.22414444676380807,0.5337352875149763,1
596,0.46674430060398825,0.022984460633084618,1
597,0.7777691004596057,0.608313341090343,0
598,-0.2806768495228725,0.9688945643369794,0
599,1.0648338804651754,-0.14437618787659656,0
600,0.46152569659954196,0.3568138310990704,1
601,-0.29843926312187347,0.4077986824484369,1
602,0.44798829696322434,-0.1700413687619653,1
603,-0.09000084381964663,1.0196239111517784,0
604,-0.4807336536993674,0.36953842757817984,1
605,-0.4923327725750816,-0.9406798931427125,0
606,0.2091207157477858,0.446108168958958,1
607,-0.1412379754677306,-1.0328058584423399,0
608,-0.6327125789807022,0.1111974597119406,1
609,0.446881165443718,-0.18556815009318875,1
610,0.96757860641543,0.09855228754778843,0
611,-0.14980397120744632,0.5647667276226032,1
612,0.5498900290157765,-0.8556901093412803,0
613,-0.6594688223690205,-0.6790551886788961,0
614,0.30057491177609086,-0.3602433740338487,1
615,0.42668342224873823,-0.20397777493974892,1
616,-0.4963605737730496,-0.04799153047219087,1
617,0.25283626082740446,-0.5810813232719781,1
618,-0.8280740989156498,-0.5024391294075059,0
619,-0.7649007960985619,-0.5981369458443057,0
620,0.9524066488166334,-0.4020787070965035,0
621,-0.22422380596126157,0.38739482782763623,1
622,-0.06710647845240654,0.4765590718888041,1
623,1.022674226889975,-0.030625888641516164,0
624,-0.8579627560736233,0.6102950618317027,0
625,0.906364569713764,0.6647332665033931,0
626,-0.3516519058101704,-0.2757890238319559,1
627,-0.20113401267119152,-0.4208861706940537,1
628,0.4634143757641677,-0.9541594481910729,0
629,-0.04729966066645319,-1.0115731181709322,0
630,-0.06317212920872589,-0.4345433583575542,1
631,-0.2226926008271513,-0.39682902195212305,1
632,0.4708962214973021,0.07143369538214611,1
633,-0.579246735070916,0.800067487774554,0
634,0.10780430575903803,-0.9964286648921642,0
635,-0.4840129678644337,-0.8641378556863011,0
636,-0.3245207193187846,0.350535071260533,1
637,0.9061897676762734,0.10945779210496821,0
638,0.4664648649467062,-0.20450531679732245,1
639,0.6760163402574508,-0.7588558832175126,0
640,0.2557836535648089,-0.3285260292679557,1
641,-0.059504131016459336,0.970982304788406,0
642,0.09744518212154187,1.004403514431297,0
643,-0.014266645273920677,0.47585992824413414,1
644,-0.19956323041924157,0.5707939816441888,1
645,-0.058991043776335156,0.4312132098136348,1
646,0.024293231124654625,-1.0176012540859036,0
647,0.7724637882615929,0.6895529570755473,0
648,0.860050261331226,-0.43404006373987425,0
649,0.4883153127911441,0.22437861372113987,1
650,-0.7334705750031456,-0.4978750302204181,0
651,-0.42079898611785316,-0.25792028263617517,1
652,-0.464007799201154,0.052514297534944604,1
653,-0.4360302156921014,-0.9120624305975392,0
654,-0.4072784420605656,-0.9144468212676837,0
655,-0.5767377008810887,-0.8862581820364508,0
656,0.12891392255142892,0.3503999756481188,1
657,-0.08309089572821285,-0.5115956881940822,1
658,-0.8059881293210814,0.5630110146254704,0
659,-0.11862738357580768,1.0077516284401073,0
660,0.5844401384780991,0.845801680770973,0
661,0.6609522143892294,0.6541472501123422,0
662,-0.1392881197572629,-0.4819856701964782,1
663,-0.3081181587720132,-0.9009118812784664,0
664,-0.9395149835400051,0.3516021808185413,0
665,0.3703990079332171,0.05562390014995361,1
666,-0.3309873795013063,0.9434510731065818,0
667,0.1846529735019705,1.0019303232423848,0
668,0.46016710841522573,0.32348931714999857,1
669,0.01141524222222963,-0.9965157912578804,0
670,0.04184000545639555,-0.49644298333041115,1
671,0.8026153250875283,0.6259419460242459,0
672,-1.0396716747352426,-0.016597176187947205,0
673,0.817915664732128,0.3185024263141575,0
674,0.3339588427053809,-0.9852365685731181,0
675,-0.860667725573483,0.4329162892407317,0
676,-0.9478541574228281,0.22295868303206032,0
677,-0.5319967562539323,-0.2553115099454655,1
678,0.3962789237470787,0.33510888570964,1
679,0.25056771182034304,-0.3289583837611947,1
680,0.7230045533509745,0.6864219742245037,0
681,0.4690235783154467,0.7991804344095712,0
682,0.7642146380058266,-0.6683508805997996,0
683,-1.0117740401506305,0.3707539443374629,0
684,-0.4248765627063775,0.24662213793458299,1
685,0.08221557972699554,0.9859065351935837,0
686,0.16122833957804947,-0.9587630740903763,0
687,-0.5884641504024848,-0.1794791436339974,1
688,0.21026036855699778,0.4163807970541104,1
689,0.9508003087900444,-0.49247193943329515,0
690,0.7154368986471313,-0.7846823451690054,0
691,0.41433181094830185,0.8899854626481641,0
692,-1.000743287591296,-0.32882493827567283,0
693,-0.4488299241970392,0.0382324334342273,1
694,0.29618413421580614,0.46801012297182115,1
695,0.9634377307362582,0.2119130533272699,0
696,-0.3728532388994785,0.27261003213815005,1
697,0.4059123012145892,0.9011503406572654,0
698,0.6310968749966122,0.8207842032193021,0
699,-0.5115793642486611,0.04596304389755686,1
700,-0.428951370876489,-0.19688087749595196,1
701,-1.0264055966099523,0.3734962174069671,0
702,0.31610988051757805,0.5043012294743235,1
703,-0.9953815336329672,-0.4392679740281098,0
704,0.8113646376431176,-0.5149875964049697,0
705,-0.4080576691397151,0.17250337188788242,1
706,0.937968297083721,-0.3471331270249227,0
707,-0.8076735753943657,-0.7119724760894898,0
708,0.2470788868680049,-0.3744833046032485,1
709,-0.5126000618733495,0.17669607479086666,1
710,0.18281518335737723,-0.9243376399250897,0
711,0.47672718166234607,0.17386177294572044,1
712,-0.20881093221278646,1.0872900002584744,0
713,-0.17509899557152994,0.5463869230628073,1
714,0.5215643969963255,-0.8102716600378504,0
715,-0.7597037528256904,0.7721202412619358,0
716,-0.058144260928832806,-0.41739565811469115,1
717,0.4329087440235293,0.0037632012338948834,1
718,0.3204411125120385,0.3614610580502648,1
719,-0.39590941981273475,0.15038005299386784,1
720,0.887704667306798,0.5593678735554053,0
721,-0.40813621382474036,0.2816968416491164,1
722,-0.9405325125328942,0.4239206208787569,0
723,0.23366383423637757,0.4733792137655384,1
724,-0.3587765661110337,-0.9068242795475588,0
725,0.10775313983269647,-0.487080841447499,1
726,0.45829186229640406,0.059040179901561504,1
727,-0.938694254652264,0.4561074849944327,0
728,0.8788907581236194,-0.35583366759673674,0
729,0.7860980240424664,-0.4889267597313032,0
730,0.40894633814399445,0.1390484654918584,1
731,0.054137738863702364,1.0554004672817376,0
732,-0.823004136534488,-0.5521577817423086,0
733,0.6465899246338592,-0.8111098432587892,0
734,-0.3988331988039346,-0.40948044294880187,1
735,0.9674176964944727,0.5409820893643177,0
736,0.4494853643751957,-0.027239279224398352,1
737,-0.2990514605745901,-0.38007722020545964,1
738,-0.15273762839670216,0.9928566742067202,0
739,-0.16764253550081115,0.9244840228958209,0
740,-0.7519822613866045,-0.8116082936300398,0
741,-0.06786301092003376,0.4838788863702342,1
742,0.15925478150393235,-0.9562479870542981,0
743,-0.7910369823687402,0.6924479609906864,0
744,0.2886856850256924,0.3727933058478324,1
745,-0.27864727108128423,-0.46915563682577976,1
746,0.28706809486012597,-0.37192415300496795,1
747,0.44543986227398924,-0.14276180452491102,1
748,0.035928497661926975,-0.9382866289367428,0
749,0.07145180851529555,1.0501326628530672,0
750,0.42645461193301865,-0.16821547617001592,1
751,0.6713304513143049,-0.699966076153434,0
752,-0.10670952723507467,-0.9719623571154924,0
753,-0.9594654177358083,0.2940806350340149,0
754,-0.4752539543779541,-0.2195450742340686,1
755,0.05409930071520122,-1.0722623298800351,0
756,0.02361555710216394,0.5286036984681489,1
757,-0.7563355692791436,0.6756707401449614,0
758,-1.0674494582812863,0.12651613842758144,0
759,-0.4109775553124725,0.2166696446370493,1
760,-0.41978736688380325,0.1465569741648247,1
761,-0.7475029596885643,0.6477194765154558,0
762,0.8730578964971345,0.5174826353542971,0
763,-0.49966067375425727,0.9182469690854372,0
764,-0.4130364040390895,0.005956317331156195,1
765,-0.37746622456453705,0.8547007566010671,0
766,0.9336977979248896,0.043354995115558806,0
767,-0.09152400344974798,-1.019852174728486,0
768,-0.5152709534521128,0.9137035408399139,0
769,-0.7791885418850111,0.607442398426447,0
770,-0.8029437496458479,-0.6954430699959053,0
771,0.3051036974733105,0.4305991962583526,1
772,-0.35982783613665426,0.3502095709827499,1
773,0.28806974414331304,-0.9411108792498408,0
774,0.5582952803994092,0.2357833439715545,1
775,0.16900621769698124,0.49665594971566307,1
776,0.9430529409095162,0.5202779325317158,0
777,0.3787032287124298,0.3121127401391889,1
778,-1.0097631559725373,0.3166945011505985,0
779,-0.24741415934640001,0.3112854953510043,1
780,0.7667339155334345,-0.671744059962222,0
781,0.5516780816626452,0.12957418461437456,1
782,1.0476854511977527,0.159186759262452,0
783,-0.3670674822159166,-0.1849067426374968,1
784,0.40271616738259397,-0.25710596808218833,1
785,0.11928559995831145,0.44609057602189045,1
786,-0.9617323245163631,0.03041056535530777,0
787,0.7404592911692883,-0.5622762402970968,0
788,-0.2815218072819466,0.8722026638645572,0
789,0.3970896403105742,-0.32034015986451053,1
790,-0.2560567977226042,0.41760888017347164,1
791,-0.891786807142722,-0.30925302168938995,0
792,-0.3836817073814959,0.32147802150057553,1
793,-0.02081179286148606,-0.4605723874253301,1
794,0.3472248661968945,0.2544174215857443,1
795,-0.8861609764699576,-0.3713757626862082,0
796,0.32575781701856216,-0.3857430537027222,1
797,-0.5440449010764122,0.9443759504722147,0
798,-0.9218471220848599,0.32070953101130917,0
799,0.8750081261136763,0.5257938307842454,0
800,-0.3001901480699663,-0.3206349332396251,1
801,-0.6346515803917222,-0.8492604674542835,0
802,-0.0007171073260424515,0.5384852940975521,1
803,-0.6273488809427071,0.7784108806264078,0
804,-0.02701912155203581,0.5260240663575244,1
805,1.0031366748611839,0.0514142037703182,0
806,-0.3233427093483355,-0.3993222440354706,1
807,0.3245108003891256,0.3878428629237952,1
808,0.8050329155012516,0.6541428412844359,0
809,-0.3808098623131808,-0.8844856748071367,0
810,-0.30378803586841585,0.37095972534512967,1
811,0.777878350964083,0.7310209037913116,0
812,-0.8360473028596361,-0.47217827886875124,0
813,-0.47934704381671983,-0.871279426449931,0
814,0.10372902028224948,0.4485170790055711,1
815,0.9706848924643191,-0.03395702048175388,0
816,0.5467484128438554,-0.20228981071074834,1
817,0.5087390183960849,-0.8444696925759106,0
818,0.6498981261376672,0.7393945750396467,0
819,0.8798637633629086,-0.46872326318939733,0
820,-0.2746925623321578,0.4512209080875991,1
821,0.24938975971087912,-0.45510954703837014,1
822,0.48099293115875486,-0.1407215170372569,1
823,-0.36897598025003014,0.9792109732139684,0
824,1.0377801183519335,0.1256262146565167,0
825,-0.9262585113937674,-0.19444244748482226,0
826,-0.0849673152872022,-0.5120806922318043,1
827,-0.29632059727983884,-0.9681886220616345,0
828,0.33101871840918384,-0.9337837728899476,0
829,-0.6483226619217285,-0.7115385784618792,0
830,0.8902127874686266,0.5663487188190722,0
831,-0.47320649325740816,-0.11444482659882899,1
832,-0.972819218065034,0.2919472820287203,0
833,-0.550718152168492,-0.9218839530344828,0
834,0.39368603374713285,-0.20581678276333285,1
835,0.4317800955560484,0.9991763605691947,0
836,-1.0248219031169623,-0.24938139541700657,0
837,-0.07705858098425505,-0.9999140584170723,0
838,0.029598690104717225,-0.5288176877890158,1
839,0.5028281176309848,-0.1933560952411372,1
840,-0.3929151194475779,-0.27275282803101497,1
841,-0.2696311030692387,-0.4364047063064158,1
842,0.372282627827843,-0.2602794154217851,1
843,-0.6204645324579589,0.14705968282759566,1
844,-0.6624562761845473,-0.858959686110908,0
845,0.13183228769216565,0.42832337815173116,1
846,0.4668061769732282,-0.8512129188628889,0
847,0.19675123060645344,0.4591618367089253,1
848,0.2318646726375282,-1.0537022701780803,0
849,-0.4693632020568608,-0.1851063600817678,1
850,-0.590364313998528,-0.6613103764353967,0
851,0.3071737513254733,-0.8676890984134644,0
852,0.7717012297571031,0.5825674943560198,0
853,-0.564722527252364,0.01878507726436939,1
854,-0.8946599943527087,0.41398781790414846,0
855,-0.4871515829358626,-0.2471285790126621,1
856,-1.03187662240967,0.16571655614606853,0
857,0.3580902295806936,0.2732246853116756,1
858,-0.41903174826284945,-0.08698653151451491,1
859,0.6178874740318161,0.8408651246546495,0
860,-0.36823753722098634,-0.02811199803198164,1
861,0.26791860815581914,0.332183021013188,1
862,0.48267009937234295,0.902622855792776,0
863,-0.43798293751203604,-0.24194724669556597,1
864,0.672674290092249,-0.8036060413941293,0
865,0.41829586765359783,-0.2990327279665872,1
866,-0.6667503624808542,0.7385088487897469,0
867,0.531074654564526,-0.00035562597616838054,1
868,-0.42531099051289284,-0.22368865130084603,1
869,-0.2909374226436896,0.40276885895899606,1
870,-0.34041658118641693,-0.4054477200687437,1
871,-0.26304807590705503,0.3928336720255172,1
872,-0.3092549393020016,-0.3937495400208456,1
873,-0.47959244067510004,-0.9141940091655283,0
874,-0.6696753432369299,-0.635935474548013,0
875,-0.36906636622155553,-1.0095490521402828,0
876,0.20976357444822752,0.38029508010303437,1
877,0.44790397341825217,-0.9793905973013556,0
878,-0.6378738218978299,-0.8261062555230752,0
879,0.9519365775201252,0.2865859312414531,0
880,-0.14376443331031263,0.4564269089038013,1
881,-0.5449040254223538,-0.8483836511269646,0
882,-0.05432665280313693,-0.44943505708128695,1
883,0.26648771917296654,1.0301745679021208,0
884,0.19778236796869594,0.890636496554621,0
885,0.3136992079418692,-0.8810130516436403,0
886,0.48807877463245003,0.13065622559019477,1
887,-0.9230343853237946,-0.281956869930057,0
888,0.40755122356069745,-0.07134644069876482,1
889,-0.857834361297481,-0.4122068797682235,0
890,-0.2324707388437611,0.3722187211619194,1
891,-0.1886981519132382,0.9228061455639888,0
892,0.32441159427533434,0.2804223978719948,1
893,-0.9633514925780324,-0.010777886866741249,0
894,0.3289462290482825,0.24237442560328168,1
895,-0.23869299174033537,1.0843803036234725,0
896,-0.8152702765034399,0.6322150777712251,0
897,-0.74335272702662,0.5339971638116137,0
898,0.75829824326907,-0.6471858292317543,0
899,-0.8653219690933136,0.5712068692891816,0
900,1.003415780169166,0.3258007992915372,0
901,0.49247820893382666,0.24031194345019485,1
902,0.553594181464145,0.8701909818330669,0
903,-0.9078251467213068,-0.393175056790829,0
904,-0.11640701042210887,0.3347669144772266,1
905,0.4891485825847334,0.8810742220039053,0
906,0.048530896127187834,-0.5303424261302192,1
907,-0.24320243314602114,0.9784332649332848,0
908,0.4262136906078225,0.019463416002060138,1
909,0.9096799383556338,0.3960818904092529,0
910,0.9861981643778603,-0.02674105597718291,0
911,-0.8944466378116698,0.3722986798658232,0
912,-0.20359958832412717,-0.8856573160669,0
913,0.43243978575682174,0.2797755730989435,1
914,1.0103110751463216,0.08031992239374335,0
915,-0.511699660215638,0.11015333481788897,1
916,-0.35462809764591047,-0.3720187272731034,1
917,-0.9754549456015199,-0.2512936202028614,0
918,0.07368170869888155,0.49390712950176824,1
919,-0.18923564263315254,0.9373161427102517,0
920,-0.25624925260149684,0.4067098532522605,1
921,-0.5220679927545758,0.1606074576572093,1
922,-0.9460402158798795,-0.1642019525741907,0
923,-0.4026121956064956,-0.33661042264803864,1
924,-0.8837237858234906,-0.48067088448863793,0
925,0.29178172879079,-0.3907665220968771,1
926,-0.8047682235346534,0.5863925868699887,0
927,-0.14800885705591116,-1.0017691470991315,0
928,0.9717546208375057,0.15860171750219768,0
929,-0.4184129196125629,-0.9554499443317135,0
930,-0.9439648604737594,0.21948943477727179,0
931,0.45094594392461956,-0.143254420138846,1
932,0.4520030882801265,-0.1026817057808933,1
933,0.32378410069630087,-0.3327954750124833,1
934,0.09438293986915194,0.9041819290409641,0
935,0.5250613153081218,-0.10961082748956902,1
936,-0.1849940992763936,-0.40793275342486596,1
937,-0.8799173774918975,0.41182281799226034,0
938,0.07815076515056747,-0.5602454401801599,1
939,-0.5334848384528996,0.23612356645715557,1
940,0.8794780001974968,0.17495077221480607,0
941,-0.02654253135661319,-0.48449155887327017,1
942,1.0152706940462544,0.17510187575399733,0
943,-0.47937273017768395,-0.15784606694926576,1
944,0.9693521952394495,-0.0775757150206512,0
945,0.49063996416399275,-0.8017598186793465,0
946,0.40749688886706625,0.2568599178383076,1
947,-0.36803580873110736,0.3963666390651236,1
948,-0.4337376368524689,0.9585492002767817,0
949,0.9148943434673004,-0.2608165290559146,0
950,-0.1063433474349314,-0.5140166222942877,1
951,0.5481647897400808,-0.7339445735948389,0
952,0.6101850384527274,0.6641104762504265,0
953,-0.4478162255003328,-0.181453798890845,1
954,-0.5447047592666845,-0.013507010440556045,1
955,-0.469292553172251,0.16792975197195031,1
956,0.1490107006422433,0.4409566942598875,1
957,0.47359136812854463,0.2720690274706604,1
958,0.42279155668323937,-0.9125892324686237,0
959,-0.2871929799933554,0.45869046777784056,1
960,0.3520927222188795,-1.0110049652530835,0
961,0.03877666424766821,-0.5362477233491875,1
962,0.3068579213586436,-0.36253307573562765,1
963,0.18629299513253011,-0.5362178141433038,1
964,-0.535656088506731,-0.8451898320934563,0
965,-0.10228899582129186,0.47741906071577517,1
966,-0.8486390115079371,-0.5570975398495298,0
967,-0.4959613573375855,0.15665524142689247,1
968,-1.0113333831149647,0.10260123459610415,0
969,-0.3846630653640072,0.330588632055509,1
970,0.012908546917194721,-0.540212196493292,1
971,0.48006537211820716,0.3109079599596726,1
972,-0.45445868368641806,-0.1350664474951782,1
973,-0.5469597661930785,-0.0711770233705562,1
974,-0.5105598357248533,0.7949624505360054,0
975,0.23651817900116484,-0.5102241681886616,1
976,-0.3806087335467912,-0.20752293215037693,1
977,-0.004557239632096768,-0.4073110730132915,1
978,-0.2422527556860501,1.0260542918765405,0
979,-0.013027855052854129,0.5333360203760023,1
980,-0.7412037217240669,-0.6744469635738101,0
981,0.33524855945476933,-0.4262890376112106,1
982,0.8084671052201502,-0.6883328291644905,0
983,-0.607494419825038,0.843502001867264,0
984,-0.06058724521499042,0.9992373303542087,0
985,0.529107377646883,-0.8561161474627145,0
986,0.4691058872064536,-0.023837210330724015,1
987,-0.12363201688936516,0.5181591627207968,1
988,-0.9885155282696148,-0.44527225380311203,0
989,0.5091618011066011,0.06891901895598894,1
990,0.35982365279581047,-0.9431665961171919,0
991,-0.7384391542072595,0.7779420616318555,0
992,-0.9298819517656247,-0.40075122975311656,0
993,0.12040229148401585,-1.0188423984476345,0
994,0.28911591501390926,-0.470782040466251,1
995,0.9170423603276627,-0.38064950112006957,0
996,-0.47346841685100166,-0.9137668834303238,0
997,0.27763137889250483,0.9765483239831504,0
998,0.23911430489042762,0.45227558857810096,1
999,0.1697149064779812,-0.4236300253492117,1
